167.82701496134774
90.24497907866333
39.551683553904326
13.683681373611872
21.044735385553118
10.307501868533004
8.761335022050709
6.863519434111445
9.999497026324574
6.831980070640255
5.957359201896014
5.547217882271352
6.312852213439309
3.942896875965988
3.3696363165560768
3.233225090957017
4.665523644097954
4.006666488679151
3.9208529498490097
3.6432639718129165
3.931469110994637
3.0117917380976587
2.6522821452141563
1.7151320341749294
2.752465711100591
2.223749257459738
1.7876769427025863
1.889129934257051
2.206407914208362
1.9854918300031603
1.636335517175163
3746.881056700473
132.63531942971423
242.18406674365366
