292.6880341880342
-440.37779871622723
157.39953610020825
47.532802251669075
-9.442344710151227
4.698942544261137
27.211150725682575
16.287714511920246
-3.568662030516893
-0.6617926391434625
12.901602131179255
11.096126139486351
-1.451787462247074
-3.7612157951917053
4.113001253197177
5.847533650103256
-0.675347783172933
-2.729909963461294
2.652977481412773
5.0228113062867825
0.5343496351949094
-2.4977888230087126
0.26896366308477826
2.5812816595196977
0.3436939393062718
-1.5500530952699163
0.6086807668853464
2.644137701773857
0.7942105947394704
-1.6314619743244316
-0.8199140563384335
3338.824786324786
350.0550779909348
704.6873440455129
